{
 "cells": [
  {
   "cell_type": "markdown",
   "metadata": {},
   "source": [
    "NumPy-数组的切片索引和形状修改"
   ]
  },
  {
   "cell_type": "code",
   "execution_count": 1,
   "metadata": {},
   "outputs": [],
   "source": [
    "#导入NumPy包\n",
    "import numpy as np"
   ]
  },
  {
   "cell_type": "code",
   "execution_count": 2,
   "metadata": {},
   "outputs": [
    {
     "name": "stdout",
     "output_type": "stream",
     "text": [
      "[[ 0.23663317  0.03488579  0.35633464  1.13028114  0.6015624   0.39097332\n",
      "   0.04637329  1.77251388  0.18406849 -0.30681789]\n",
      " [-0.32267767 -1.1431804  -0.79222112 -0.05054762  0.31163214 -1.47027098\n",
      "  -0.0133358   0.4303031   2.35476663 -0.25158349]\n",
      " [-1.03822626  0.92226543  0.25972792 -0.45337474  0.44063958  0.74478827\n",
      "  -0.45848981  1.13889807 -0.3113159   2.33507508]\n",
      " [ 0.89605235  0.5250052  -0.12929875 -1.20058572  0.81434476  0.24637811\n",
      "  -1.55279182 -0.02552282 -0.22109037 -0.77157018]\n",
      " [ 0.53087326 -0.40326097 -2.06977153  0.5430819   2.80880493  1.11240915\n",
      "  -0.33263886 -0.92186257  0.09788457  0.86054786]\n",
      " [-0.98554366  1.00046056 -0.18483511  1.3025589  -0.46337703 -1.07795541\n",
      "   0.60416388 -0.09395627  1.33481531  0.17421221]\n",
      " [ 0.76928918  0.13996727  0.15429646  0.00824792  2.43488565 -0.50830003\n",
      "   1.35430645  0.38894251  0.30898608 -1.77646276]\n",
      " [ 1.91530967  0.21214434 -0.34588212  2.41704809  1.2947494  -0.12419127\n",
      "   0.03973829  2.26057623  0.64494489  2.50257072]]\n"
     ]
    }
   ],
   "source": [
    "#案例：随机生成8只股票2周的交易日涨幅数据\n",
    "\n",
    "#生成形状为(8,10)的标准正态随机数组\n",
    "stock_change=np.random.normal(loc=0,scale=1,size=(8,10))\n",
    "print(stock_change)"
   ]
  },
  {
   "cell_type": "code",
   "execution_count": 3,
   "metadata": {},
   "outputs": [
    {
     "name": "stdout",
     "output_type": "stream",
     "text": [
      "[0.23663317 0.03488579 0.35633464]\n"
     ]
    }
   ],
   "source": [
    "#获取第一个股票的前3个交易日的涨跌幅数据\n",
    "#切片第1列前3行\n",
    "print(stock_change[0,0:3])"
   ]
  },
  {
   "cell_type": "code",
   "execution_count": 4,
   "metadata": {},
   "outputs": [
    {
     "name": "stdout",
     "output_type": "stream",
     "text": [
      "[[[ 1  2  3]\n",
      "  [ 4  5  6]]\n",
      "\n",
      " [[ 8  9 10]\n",
      "  [11 12 13]]] \n",
      " (2, 2, 3)\n",
      "[[[ 1  2  3]\n",
      "  [ 4  5  6]]\n",
      "\n",
      " [[ 8  9  0]\n",
      "  [11 12 13]]]\n"
     ]
    }
   ],
   "source": [
    "#三维数组索引\n",
    "a1=np.array([[[1,2,3],[4,5,6]],[[8,9,10],[11,12,13]]])\n",
    "print(a1,'\\n',a1.shape)\n",
    "#索引元素10（第2个二维数组，第1行，第3列）并修改\n",
    "a1[1,0,2]=0\n",
    "print(a1)"
   ]
  },
  {
   "cell_type": "code",
   "execution_count": 5,
   "metadata": {},
   "outputs": [
    {
     "data": {
      "text/plain": [
       "array([[ 0.23663317,  0.03488579,  0.35633464,  1.13028114,  0.6015624 ,\n",
       "         0.39097332,  0.04637329,  1.77251388],\n",
       "       [ 0.18406849, -0.30681789, -0.32267767, -1.1431804 , -0.79222112,\n",
       "        -0.05054762,  0.31163214, -1.47027098],\n",
       "       [-0.0133358 ,  0.4303031 ,  2.35476663, -0.25158349, -1.03822626,\n",
       "         0.92226543,  0.25972792, -0.45337474],\n",
       "       [ 0.44063958,  0.74478827, -0.45848981,  1.13889807, -0.3113159 ,\n",
       "         2.33507508,  0.89605235,  0.5250052 ],\n",
       "       [-0.12929875, -1.20058572,  0.81434476,  0.24637811, -1.55279182,\n",
       "        -0.02552282, -0.22109037, -0.77157018],\n",
       "       [ 0.53087326, -0.40326097, -2.06977153,  0.5430819 ,  2.80880493,\n",
       "         1.11240915, -0.33263886, -0.92186257],\n",
       "       [ 0.09788457,  0.86054786, -0.98554366,  1.00046056, -0.18483511,\n",
       "         1.3025589 , -0.46337703, -1.07795541],\n",
       "       [ 0.60416388, -0.09395627,  1.33481531,  0.17421221,  0.76928918,\n",
       "         0.13996727,  0.15429646,  0.00824792],\n",
       "       [ 2.43488565, -0.50830003,  1.35430645,  0.38894251,  0.30898608,\n",
       "        -1.77646276,  1.91530967,  0.21214434],\n",
       "       [-0.34588212,  2.41704809,  1.2947494 , -0.12419127,  0.03973829,\n",
       "         2.26057623,  0.64494489,  2.50257072]])"
      ]
     },
     "execution_count": 5,
     "metadata": {},
     "output_type": "execute_result"
    }
   ],
   "source": [
    "#.reshape()（不改变元素顺序,返回改变后的数组，但不改变原来的数组）\n",
    "stock_change.reshape((10, 8))"
   ]
  },
  {
   "cell_type": "code",
   "execution_count": 6,
   "metadata": {},
   "outputs": [
    {
     "name": "stdout",
     "output_type": "stream",
     "text": [
      "[[ 0.23663317  0.03488579  0.35633464  1.13028114  0.6015624   0.39097332\n",
      "   0.04637329  1.77251388]\n",
      " [ 0.18406849 -0.30681789 -0.32267767 -1.1431804  -0.79222112 -0.05054762\n",
      "   0.31163214 -1.47027098]\n",
      " [-0.0133358   0.4303031   2.35476663 -0.25158349 -1.03822626  0.92226543\n",
      "   0.25972792 -0.45337474]\n",
      " [ 0.44063958  0.74478827 -0.45848981  1.13889807 -0.3113159   2.33507508\n",
      "   0.89605235  0.5250052 ]\n",
      " [-0.12929875 -1.20058572  0.81434476  0.24637811 -1.55279182 -0.02552282\n",
      "  -0.22109037 -0.77157018]\n",
      " [ 0.53087326 -0.40326097 -2.06977153  0.5430819   2.80880493  1.11240915\n",
      "  -0.33263886 -0.92186257]\n",
      " [ 0.09788457  0.86054786 -0.98554366  1.00046056 -0.18483511  1.3025589\n",
      "  -0.46337703 -1.07795541]\n",
      " [ 0.60416388 -0.09395627  1.33481531  0.17421221  0.76928918  0.13996727\n",
      "   0.15429646  0.00824792]\n",
      " [ 2.43488565 -0.50830003  1.35430645  0.38894251  0.30898608 -1.77646276\n",
      "   1.91530967  0.21214434]\n",
      " [-0.34588212  2.41704809  1.2947494  -0.12419127  0.03973829  2.26057623\n",
      "   0.64494489  2.50257072]]\n"
     ]
    }
   ],
   "source": [
    "#.resize(不改变元素顺序,无返回值，改变原来的数组)\n",
    "stock_change.resize((10, 8))\n",
    "print(stock_change)"
   ]
  },
  {
   "cell_type": "code",
   "execution_count": 7,
   "metadata": {},
   "outputs": [
    {
     "data": {
      "text/plain": [
       "array([[ 0.23663317,  0.18406849, -0.0133358 ,  0.44063958, -0.12929875,\n",
       "         0.53087326,  0.09788457,  0.60416388,  2.43488565, -0.34588212],\n",
       "       [ 0.03488579, -0.30681789,  0.4303031 ,  0.74478827, -1.20058572,\n",
       "        -0.40326097,  0.86054786, -0.09395627, -0.50830003,  2.41704809],\n",
       "       [ 0.35633464, -0.32267767,  2.35476663, -0.45848981,  0.81434476,\n",
       "        -2.06977153, -0.98554366,  1.33481531,  1.35430645,  1.2947494 ],\n",
       "       [ 1.13028114, -1.1431804 , -0.25158349,  1.13889807,  0.24637811,\n",
       "         0.5430819 ,  1.00046056,  0.17421221,  0.38894251, -0.12419127],\n",
       "       [ 0.6015624 , -0.79222112, -1.03822626, -0.3113159 , -1.55279182,\n",
       "         2.80880493, -0.18483511,  0.76928918,  0.30898608,  0.03973829],\n",
       "       [ 0.39097332, -0.05054762,  0.92226543,  2.33507508, -0.02552282,\n",
       "         1.11240915,  1.3025589 ,  0.13996727, -1.77646276,  2.26057623],\n",
       "       [ 0.04637329,  0.31163214,  0.25972792,  0.89605235, -0.22109037,\n",
       "        -0.33263886, -0.46337703,  0.15429646,  1.91530967,  0.64494489],\n",
       "       [ 1.77251388, -1.47027098, -0.45337474,  0.5250052 , -0.77157018,\n",
       "        -0.92186257, -1.07795541,  0.00824792,  0.21214434,  2.50257072]])"
      ]
     },
     "execution_count": 7,
     "metadata": {},
     "output_type": "execute_result"
    }
   ],
   "source": [
    "#转置\n",
    "stock_change.T"
   ]
  },
  {
   "cell_type": "code",
   "execution_count": 8,
   "metadata": {},
   "outputs": [
    {
     "data": {
      "text/plain": [
       "array([ 0.23663317,  0.03488579,  0.35633464,  1.13028114,  0.6015624 ,\n",
       "        0.39097332,  0.04637329,  1.77251388,  0.18406849, -0.30681789,\n",
       "       -0.32267767, -1.1431804 , -0.79222112, -0.05054762,  0.31163214,\n",
       "       -1.47027098, -0.0133358 ,  0.4303031 ,  2.35476663, -0.25158349,\n",
       "       -1.03822626,  0.92226543,  0.25972792, -0.45337474,  0.44063958,\n",
       "        0.74478827, -0.45848981,  1.13889807, -0.3113159 ,  2.33507508,\n",
       "        0.89605235,  0.5250052 , -0.12929875, -1.20058572,  0.81434476,\n",
       "        0.24637811, -1.55279182, -0.02552282, -0.22109037, -0.77157018,\n",
       "        0.53087326, -0.40326097, -2.06977153,  0.5430819 ,  2.80880493,\n",
       "        1.11240915, -0.33263886, -0.92186257,  0.09788457,  0.86054786,\n",
       "       -0.98554366,  1.00046056, -0.18483511,  1.3025589 , -0.46337703,\n",
       "       -1.07795541,  0.60416388, -0.09395627,  1.33481531,  0.17421221,\n",
       "        0.76928918,  0.13996727,  0.15429646,  0.00824792,  2.43488565,\n",
       "       -0.50830003,  1.35430645,  0.38894251,  0.30898608, -1.77646276,\n",
       "        1.91530967,  0.21214434, -0.34588212,  2.41704809,  1.2947494 ,\n",
       "       -0.12419127,  0.03973829,  2.26057623,  0.64494489,  2.50257072])"
      ]
     },
     "execution_count": 8,
     "metadata": {},
     "output_type": "execute_result"
    }
   ],
   "source": [
    "#一维化\n",
    "stock_change.flatten()"
   ]
  }
 ],
 "metadata": {
  "kernelspec": {
   "display_name": "Python 3",
   "language": "python",
   "name": "python3"
  },
  "language_info": {
   "codemirror_mode": {
    "name": "ipython",
    "version": 3
   },
   "file_extension": ".py",
   "mimetype": "text/x-python",
   "name": "python",
   "nbconvert_exporter": "python",
   "pygments_lexer": "ipython3",
   "version": "3.8.3"
  }
 },
 "nbformat": 4,
 "nbformat_minor": 4
}
